0000000000000111 0000010100000110

0000000000000111 0000010100000110

0000000000001000 0000100101000001
0000000000000111 0000010100000110

0000000000000111 0000010100000110

0000000000001000 0000100101000001
0000000000000111 0000010100000110

0000000000001001 0000111101000001
0000000000001000 0000100101000001
0000000000000111 0000010100000110

0000000000000111 0000010100000110

0000000000001000 0000100101000001
0000000000000111 0000010100000110

0000000000001001 0000111101000001
0000000000001000 0000100101000001
0000000000000111 0000010100000110

0000000000001010 0000000000000000
0000000000001001 0000111101000001
0000000000001000 0000100101000001
0000000000000111 0000010100000110

0000000000001010 1000010001001001

0000000000001010 1000010001001001

0000000000001011 1000100001011000
0000000000001010 1000010001001001

0000000000001010 1000010001001001

0000000000001011 1000100001011000
0000000000001010 1000010001001001

0000000000001100 0010001110001010
0000000000001011 1000100001011000
0000000000001010 1000010001001001

0000000000001010 1000010001001001

0000000000001011 1000100001011000
0000000000001010 1000010001001001

0000000000001100 0010001110001010
0000000000001011 1000100001011000
0000000000001010 1000010001001001

0000000000001010 1000010001001001
0000000000001100 0010001110001010
0000000000001011 1000100001011000
0000000000001010 1000010001001001

0000000000001010 1000010001001001

0000000000001011 1000100001011000
0000000000001010 1000010001001001

0000000000001100 0010001110001010
0000000000001011 1000100001011000
0000000000001010 1000010001001001

0000000000001010 1000010001001001
0000000000001100 0010001110001010
0000000000001011 1000100001011000
0000000000001010 1000010001001001

0000000000001011 1000100001011000
0000000000001010 1000010001001001
0000000000001100 0010001110001010
0000000000001011 1000100001011000
0000000000001010 1000010001001001

0000000000001010 1000010001001001

0000000000001011 1000100001011000
0000000000001010 1000010001001001

0000000000001100 0010001110001010
0000000000001011 1000100001011000
0000000000001010 1000010001001001

0000000000001010 1000010001001001
0000000000001100 0010001110001010
0000000000001011 1000100001011000
0000000000001010 1000010001001001

0000000000001011 1000100001011000
0000000000001010 1000010001001001
0000000000001100 0010001110001010
0000000000001011 1000100001011000
0000000000001010 1000010001001001

0000000000001100 0010001110001010
0000000000001011 1000100001011000
0000000000001010 1000010001001001
0000000000001100 0010001110001010
0000000000001011 1000100001011000
0000000000001010 1000010001001001

0000000000001010 1000010001001001

0000000000001011 1000100001011000
0000000000001010 1000010001001001

0000000000001100 0010001110001010
0000000000001011 1000100001011000
0000000000001010 1000010001001001

0000000000001010 1000010001001001
0000000000001100 0010001110001010
0000000000001011 1000100001011000
0000000000001010 1000010001001001

0000000000001011 1000100001011000
0000000000001010 1000010001001001
0000000000001100 0010001110001010
0000000000001011 1000100001011000
0000000000001010 1000010001001001

0000000000001100 0010001110001010
0000000000001011 1000100001011000
0000000000001010 1000010001001001
0000000000001100 0010001110001010
0000000000001011 1000100001011000
0000000000001010 1000010001001001

0000000000001101 0000101000000110
0000000000001100 0010001110001010
0000000000001011 1000100001011000
0000000000001010 1000010001001001
0000000000001100 0010001110001010
0000000000001011 1000100001011000
0000000000001010 1000010001001001

0000000000001010 1000010001001001

0000000000001011 1000100001011000
0000000000001010 1000010001001001

0000000000001100 0010001110001010
0000000000001011 1000100001011000
0000000000001010 1000010001001001

0000000000001010 1000010001001001
0000000000001100 0010001110001010
0000000000001011 1000100001011000
0000000000001010 1000010001001001

0000000000001011 1000100001011000
0000000000001010 1000010001001001
0000000000001100 0010001110001010
0000000000001011 1000100001011000
0000000000001010 1000010001001001

0000000000001100 0010001110001010
0000000000001011 1000100001011000
0000000000001010 1000010001001001
0000000000001100 0010001110001010
0000000000001011 1000100001011000
0000000000001010 1000010001001001

0000000000001101 0000101000000110
0000000000001100 0010001110001010
0000000000001011 1000100001011000
0000000000001010 1000010001001001
0000000000001100 0010001110001010
0000000000001011 1000100001011000
0000000000001010 1000010001001001

0000000000001110 0010110000010001
0000000000001101 0000101000000110
0000000000001100 0010001110001010
0000000000001011 1000100001011000
0000000000001010 1000010001001001
0000000000001100 0010001110001010
0000000000001011 1000100001011000
0000000000001010 1000010001001001

0000000000001010 1000010001001001

0000000000001011 1000100001011000
0000000000001010 1000010001001001

0000000000001100 0010001110001010
0000000000001011 1000100001011000
0000000000001010 1000010001001001

0000000000001010 1000010001001001
0000000000001100 0010001110001010
0000000000001011 1000100001011000
0000000000001010 1000010001001001

0000000000001011 1000100001011000
0000000000001010 1000010001001001
0000000000001100 0010001110001010
0000000000001011 1000100001011000
0000000000001010 1000010001001001

0000000000001100 0010001110001010
0000000000001011 1000100001011000
0000000000001010 1000010001001001
0000000000001100 0010001110001010
0000000000001011 1000100001011000
0000000000001010 1000010001001001

0000000000001101 0000101000000110
0000000000001100 0010001110001010
0000000000001011 1000100001011000
0000000000001010 1000010001001001
0000000000001100 0010001110001010
0000000000001011 1000100001011000
0000000000001010 1000010001001001

0000000000001110 0010110000010001
0000000000001101 0000101000000110
0000000000001100 0010001110001010
0000000000001011 1000100001011000
0000000000001010 1000010001001001
0000000000001100 0010001110001010
0000000000001011 1000100001011000
0000000000001010 1000010001001001

0000000000010001 0011110111011111
0000000000001110 0010110000010001
0000000000001101 0000101000000110
0000000000001100 0010001110001010
0000000000001011 1000100001011000
0000000000001010 1000010001001001
0000000000001100 0010001110001010
0000000000001011 1000100001011000
0000000000001010 1000010001001001

0000000000001010 1000010001001001

0000000000001011 1000100001011000
0000000000001010 1000010001001001

0000000000001100 0010001110001010
0000000000001011 1000100001011000
0000000000001010 1000010001001001

0000000000001010 1000010001001001
0000000000001100 0010001110001010
0000000000001011 1000100001011000
0000000000001010 1000010001001001

0000000000001011 1000100001011000
0000000000001010 1000010001001001
0000000000001100 0010001110001010
0000000000001011 1000100001011000
0000000000001010 1000010001001001

0000000000001100 0010001110001010
0000000000001011 1000100001011000
0000000000001010 1000010001001001
0000000000001100 0010001110001010
0000000000001011 1000100001011000
0000000000001010 1000010001001001

0000000000001101 0000101000000110
0000000000001100 0010001110001010
0000000000001011 1000100001011000
0000000000001010 1000010001001001
0000000000001100 0010001110001010
0000000000001011 1000100001011000
0000000000001010 1000010001001001

0000000000001110 0010110000010001
0000000000001101 0000101000000110
0000000000001100 0010001110001010
0000000000001011 1000100001011000
0000000000001010 1000010001001001
0000000000001100 0010001110001010
0000000000001011 1000100001011000
0000000000001010 1000010001001001

0000000000010001 0011110111011111
0000000000001110 0010110000010001
0000000000001101 0000101000000110
0000000000001100 0010001110001010
0000000000001011 1000100001011000
0000000000001010 1000010001001001
0000000000001100 0010001110001010
0000000000001011 1000100001011000
0000000000001010 1000010001001001

0000000000010001 0011110111011111
0000000000010001 0011110111011111
0000000000001110 0010110000010001
0000000000001101 0000101000000110
0000000000001100 0010001110001010
0000000000001011 1000100001011000
0000000000001010 1000010001001001
0000000000001100 0010001110001010
0000000000001011 1000100001011000
0000000000001010 1000010001001001

0000000000001010 1000010001001001

0000000000001011 1000100001011000
0000000000001010 1000010001001001

0000000000001100 0010001110001010
0000000000001011 1000100001011000
0000000000001010 1000010001001001

0000000000001010 1000010001001001
0000000000001100 0010001110001010
0000000000001011 1000100001011000
0000000000001010 1000010001001001

0000000000001011 1000100001011000
0000000000001010 1000010001001001
0000000000001100 0010001110001010
0000000000001011 1000100001011000
0000000000001010 1000010001001001

0000000000001100 0010001110001010
0000000000001011 1000100001011000
0000000000001010 1000010001001001
0000000000001100 0010001110001010
0000000000001011 1000100001011000
0000000000001010 1000010001001001

0000000000001101 0000101000000110
0000000000001100 0010001110001010
0000000000001011 1000100001011000
0000000000001010 1000010001001001
0000000000001100 0010001110001010
0000000000001011 1000100001011000
0000000000001010 1000010001001001

0000000000001110 0010110000010001
0000000000001101 0000101000000110
0000000000001100 0010001110001010
0000000000001011 1000100001011000
0000000000001010 1000010001001001
0000000000001100 0010001110001010
0000000000001011 1000100001011000
0000000000001010 1000010001001001

0000000000010001 0011110111011111
0000000000001110 0010110000010001
0000000000001101 0000101000000110
0000000000001100 0010001110001010
0000000000001011 1000100001011000
0000000000001010 1000010001001001
0000000000001100 0010001110001010
0000000000001011 1000100001011000
0000000000001010 1000010001001001

0000000000010001 0011110111011111
0000000000010001 0011110111011111
0000000000001110 0010110000010001
0000000000001101 0000101000000110
0000000000001100 0010001110001010
0000000000001011 1000100001011000
0000000000001010 1000010001001001
0000000000001100 0010001110001010
0000000000001011 1000100001011000
0000000000001010 1000010001001001

0000000000011111 0000000000000000
0000000000010001 0011110111011111
0000000000010001 0011110111011111
0000000000001110 0010110000010001
0000000000001101 0000101000000110
0000000000001100 0010001110001010
0000000000001011 1000100001011000
0000000000001010 1000010001001001
0000000000001100 0010001110001010
0000000000001011 1000100001011000
0000000000001010 1000010001001001

0000000000000000 1100010000000000

0000000000000000 1100010000000000

0000000000000000 1100010000000000

0000000000000001 1100010000000000
0000000000000000 1100010000000000

0000000000000000 1100010000000000

0000000000000001 1100010000000000
0000000000000000 1100010000000000

0000000000000010 1100010000000000
0000000000000001 1100010000000000
0000000000000000 1100010000000000

0000000000000000 1100010000000000

0000000000000001 1100010000000000
0000000000000000 1100010000000000

0000000000000010 1100010000000000
0000000000000001 1100010000000000
0000000000000000 1100010000000000

0000000000000011 1100010000000000
0000000000000010 1100010000000000
0000000000000001 1100010000000000
0000000000000000 1100010000000000

0000000000000000 1100010000000000

0000000000000001 1100010000000000
0000000000000000 1100010000000000

0000000000000010 1100010000000000
0000000000000001 1100010000000000
0000000000000000 1100010000000000

0000000000000011 1100010000000000
0000000000000010 1100010000000000
0000000000000001 1100010000000000
0000000000000000 1100010000000000

0000000000000100 1100010000000000
0000000000000011 1100010000000000
0000000000000010 1100010000000000
0000000000000001 1100010000000000
0000000000000000 1100010000000000

0000000000000000 1100010000000000

0000000000000001 1100010000000000
0000000000000000 1100010000000000

0000000000000010 1100010000000000
0000000000000001 1100010000000000
0000000000000000 1100010000000000

0000000000000011 1100010000000000
0000000000000010 1100010000000000
0000000000000001 1100010000000000
0000000000000000 1100010000000000

0000000000000100 1100010000000000
0000000000000011 1100010000000000
0000000000000010 1100010000000000
0000000000000001 1100010000000000
0000000000000000 1100010000000000

0000000000000101 1100010000000000
0000000000000100 1100010000000000
0000000000000011 1100010000000000
0000000000000010 1100010000000000
0000000000000001 1100010000000000
0000000000000000 1100010000000000

0000000000000000 1100010000000000

0000000000000001 1100010000000000
0000000000000000 1100010000000000

0000000000000010 1100010000000000
0000000000000001 1100010000000000
0000000000000000 1100010000000000

0000000000000011 1100010000000000
0000000000000010 1100010000000000
0000000000000001 1100010000000000
0000000000000000 1100010000000000

0000000000000100 1100010000000000
0000000000000011 1100010000000000
0000000000000010 1100010000000000
0000000000000001 1100010000000000
0000000000000000 1100010000000000

0000000000000101 1100010000000000
0000000000000100 1100010000000000
0000000000000011 1100010000000000
0000000000000010 1100010000000000
0000000000000001 1100010000000000
0000000000000000 1100010000000000

0000000000000110 1100010000000000
0000000000000101 1100010000000000
0000000000000100 1100010000000000
0000000000000011 1100010000000000
0000000000000010 1100010000000000
0000000000000001 1100010000000000
0000000000000000 1100010000000000

0000000000000000 1100010000000000

0000000000000001 1100010000000000
0000000000000000 1100010000000000

0000000000000010 1100010000000000
0000000000000001 1100010000000000
0000000000000000 1100010000000000

0000000000000011 1100010000000000
0000000000000010 1100010000000000
0000000000000001 1100010000000000
0000000000000000 1100010000000000

0000000000000100 1100010000000000
0000000000000011 1100010000000000
0000000000000010 1100010000000000
0000000000000001 1100010000000000
0000000000000000 1100010000000000

0000000000000101 1100010000000000
0000000000000100 1100010000000000
0000000000000011 1100010000000000
0000000000000010 1100010000000000
0000000000000001 1100010000000000
0000000000000000 1100010000000000

0000000000000110 1100010000000000
0000000000000101 1100010000000000
0000000000000100 1100010000000000
0000000000000011 1100010000000000
0000000000000010 1100010000000000
0000000000000001 1100010000000000
0000000000000000 1100010000000000

0000000000000111 1100010000000000
0000000000000110 1100010000000000
0000000000000101 1100010000000000
0000000000000100 1100010000000000
0000000000000011 1100010000000000
0000000000000010 1100010000000000
0000000000000001 1100010000000000
0000000000000000 1100010000000000

0000000000000000 1100010000000000

0000000000000000 1100010000000000

0000000000000001 1100010000000000
0000000000000000 1100010000000000

0000000000000000 1100010000000000

0000000000000001 1100010000000000
0000000000000000 1100010000000000

0000000000000010 1100010000000000
0000000000000001 1100010000000000
0000000000000000 1100010000000000

0000000000000000 1100010000000000

0000000000000001 1100010000000000
0000000000000000 1100010000000000

0000000000000010 1100010000000000
0000000000000001 1100010000000000
0000000000000000 1100010000000000

0000000000000011 1100010000000000
0000000000000010 1100010000000000
0000000000000001 1100010000000000
0000000000000000 1100010000000000

0000000000000000 1100010000000000

0000000000000001 1100010000000000
0000000000000000 1100010000000000

0000000000000010 1100010000000000
0000000000000001 1100010000000000
0000000000000000 1100010000000000

0000000000000011 1100010000000000
0000000000000010 1100010000000000
0000000000000001 1100010000000000
0000000000000000 1100010000000000

0000000000000100 1100010000000000
0000000000000011 1100010000000000
0000000000000010 1100010000000000
0000000000000001 1100010000000000
0000000000000000 1100010000000000

0000000000000000 1100010000000000

0000000000000001 1100010000000000
0000000000000000 1100010000000000

0000000000000010 1100010000000000
0000000000000001 1100010000000000
0000000000000000 1100010000000000

0000000000000011 1100010000000000
0000000000000010 1100010000000000
0000000000000001 1100010000000000
0000000000000000 1100010000000000

0000000000000100 1100010000000000
0000000000000011 1100010000000000
0000000000000010 1100010000000000
0000000000000001 1100010000000000
0000000000000000 1100010000000000

0000000000000101 1100010000000000
0000000000000100 1100010000000000
0000000000000011 1100010000000000
0000000000000010 1100010000000000
0000000000000001 1100010000000000
0000000000000000 1100010000000000

0000000000000000 1100010000000000

0000000000000001 1100010000000000
0000000000000000 1100010000000000

0000000000000010 1100010000000000
0000000000000001 1100010000000000
0000000000000000 1100010000000000

0000000000000011 1100010000000000
0000000000000010 1100010000000000
0000000000000001 1100010000000000
0000000000000000 1100010000000000

0000000000000100 1100010000000000
0000000000000011 1100010000000000
0000000000000010 1100010000000000
0000000000000001 1100010000000000
0000000000000000 1100010000000000

0000000000000101 1100010000000000
0000000000000100 1100010000000000
0000000000000011 1100010000000000
0000000000000010 1100010000000000
0000000000000001 1100010000000000
0000000000000000 1100010000000000

0000000000000110 1100010000000000
0000000000000101 1100010000000000
0000000000000100 1100010000000000
0000000000000011 1100010000000000
0000000000000010 1100010000000000
0000000000000001 1100010000000000
0000000000000000 1100010000000000

0000000000000000 1100010000000000

0000000000000001 1100010000000000
0000000000000000 1100010000000000

0000000000000010 1100010000000000
0000000000000001 1100010000000000
0000000000000000 1100010000000000

0000000000000011 1100010000000000
0000000000000010 1100010000000000
0000000000000001 1100010000000000
0000000000000000 1100010000000000

0000000000000100 1100010000000000
0000000000000011 1100010000000000
0000000000000010 1100010000000000
0000000000000001 1100010000000000
0000000000000000 1100010000000000

0000000000000101 1100010000000000
0000000000000100 1100010000000000
0000000000000011 1100010000000000
0000000000000010 1100010000000000
0000000000000001 1100010000000000
0000000000000000 1100010000000000

0000000000000110 1100010000000000
0000000000000101 1100010000000000
0000000000000100 1100010000000000
0000000000000011 1100010000000000
0000000000000010 1100010000000000
0000000000000001 1100010000000000
0000000000000000 1100010000000000

0000000000000111 1100010000000000
0000000000000110 1100010000000000
0000000000000101 1100010000000000
0000000000000100 1100010000000000
0000000000000011 1100010000000000
0000000000000010 1100010000000000
0000000000000001 1100010000000000
0000000000000000 1100010000000000

0000000000000000 1100010000000000

0000000000000001 1100010000000000
0000000000000000 1100010000000000

0000000000000010 1100010000000000
0000000000000001 1100010000000000
0000000000000000 1100010000000000

0000000000000011 1100010000000000
0000000000000010 1100010000000000
0000000000000001 1100010000000000
0000000000000000 1100010000000000

0000000000000100 1100010000000000
0000000000000011 1100010000000000
0000000000000010 1100010000000000
0000000000000001 1100010000000000
0000000000000000 1100010000000000

0000000000000101 1100010000000000
0000000000000100 1100010000000000
0000000000000011 1100010000000000
0000000000000010 1100010000000000
0000000000000001 1100010000000000
0000000000000000 1100010000000000

0000000000000110 1100010000000000
0000000000000101 1100010000000000
0000000000000100 1100010000000000
0000000000000011 1100010000000000
0000000000000010 1100010000000000
0000000000000001 1100010000000000
0000000000000000 1100010000000000

0000000000000111 1100010000000000
0000000000000110 1100010000000000
0000000000000101 1100010000000000
0000000000000100 1100010000000000
0000000000000011 1100010000000000
0000000000000010 1100010000000000
0000000000000001 1100010000000000
0000000000000000 1100010000000000

0000000000001000 1100010000000000
0000000000000111 1100010000000000
0000000000000110 1100010000000000
0000000000000101 1100010000000000
0000000000000100 1100010000000000
0000000000000011 1100010000000000
0000000000000010 1100010000000000
0000000000000001 1100010000000000
0000000000000000 1100010000000000

0000000000000000 1100010000000000

0000000000000001 1100010000000000
0000000000000000 1100010000000000

0000000000000010 1100010000000000
0000000000000001 1100010000000000
0000000000000000 1100010000000000

0000000000000011 1100010000000000
0000000000000010 1100010000000000
0000000000000001 1100010000000000
0000000000000000 1100010000000000

0000000000000100 1100010000000000
0000000000000011 1100010000000000
0000000000000010 1100010000000000
0000000000000001 1100010000000000
0000000000000000 1100010000000000

0000000000000101 1100010000000000
0000000000000100 1100010000000000
0000000000000011 1100010000000000
0000000000000010 1100010000000000
0000000000000001 1100010000000000
0000000000000000 1100010000000000

0000000000000110 1100010000000000
0000000000000101 1100010000000000
0000000000000100 1100010000000000
0000000000000011 1100010000000000
0000000000000010 1100010000000000
0000000000000001 1100010000000000
0000000000000000 1100010000000000

0000000000000111 1100010000000000
0000000000000110 1100010000000000
0000000000000101 1100010000000000
0000000000000100 1100010000000000
0000000000000011 1100010000000000
0000000000000010 1100010000000000
0000000000000001 1100010000000000
0000000000000000 1100010000000000

0000000000001000 1100010000000000
0000000000000111 1100010000000000
0000000000000110 1100010000000000
0000000000000101 1100010000000000
0000000000000100 1100010000000000
0000000000000011 1100010000000000
0000000000000010 1100010000000000
0000000000000001 1100010000000000
0000000000000000 1100010000000000

0000000000001001 1100010000000000
0000000000001000 1100010000000000
0000000000000111 1100010000000000
0000000000000110 1100010000000000
0000000000000101 1100010000000000
0000000000000100 1100010000000000
0000000000000011 1100010000000000
0000000000000010 1100010000000000
0000000000000001 1100010000000000
0000000000000000 1100010000000000

0000000000000000 1100010000000000

0000000000000001 1100010000000000
0000000000000000 1100010000000000

0000000000000010 1100010000000000
0000000000000001 1100010000000000
0000000000000000 1100010000000000

0000000000000011 1100010000000000
0000000000000010 1100010000000000
0000000000000001 1100010000000000
0000000000000000 1100010000000000

0000000000000100 1100010000000000
0000000000000011 1100010000000000
0000000000000010 1100010000000000
0000000000000001 1100010000000000
0000000000000000 1100010000000000

0000000000000101 1100010000000000
0000000000000100 1100010000000000
0000000000000011 1100010000000000
0000000000000010 1100010000000000
0000000000000001 1100010000000000
0000000000000000 1100010000000000

0000000000000110 1100010000000000
0000000000000101 1100010000000000
0000000000000100 1100010000000000
0000000000000011 1100010000000000
0000000000000010 1100010000000000
0000000000000001 1100010000000000
0000000000000000 1100010000000000

0000000000000111 1100010000000000
0000000000000110 1100010000000000
0000000000000101 1100010000000000
0000000000000100 1100010000000000
0000000000000011 1100010000000000
0000000000000010 1100010000000000
0000000000000001 1100010000000000
0000000000000000 1100010000000000

0000000000001000 1100010000000000
0000000000000111 1100010000000000
0000000000000110 1100010000000000
0000000000000101 1100010000000000
0000000000000100 1100010000000000
0000000000000011 1100010000000000
0000000000000010 1100010000000000
0000000000000001 1100010000000000
0000000000000000 1100010000000000

0000000000001001 1100010000000000
0000000000001000 1100010000000000
0000000000000111 1100010000000000
0000000000000110 1100010000000000
0000000000000101 1100010000000000
0000000000000100 1100010000000000
0000000000000011 1100010000000000
0000000000000010 1100010000000000
0000000000000001 1100010000000000
0000000000000000 1100010000000000

0000000000001010 1100010000000000
0000000000001001 1100010000000000
0000000000001000 1100010000000000
0000000000000111 1100010000000000
0000000000000110 1100010000000000
0000000000000101 1100010000000000
0000000000000100 1100010000000000
0000000000000011 1100010000000000
0000000000000010 1100010000000000
0000000000000001 1100010000000000
0000000000000000 1100010000000000

0000000000000000 1100100000000000

0000000000000000 1100100000000000

0000000000000001 1100100000000000
0000000000000000 1100100000000000

0000000000000000 1100100000000000

0000000000000001 1100100000000000
0000000000000000 1100100000000000

0000000000000010 1100100000000000
0000000000000001 1100100000000000
0000000000000000 1100100000000000

0000000000000000 1100100000000000

0000000000000001 1100100000000000
0000000000000000 1100100000000000

0000000000000010 1100100000000000
0000000000000001 1100100000000000
0000000000000000 1100100000000000

0000000000000011 1100100000000000
0000000000000010 1100100000000000
0000000000000001 1100100000000000
0000000000000000 1100100000000000

0000000000000000 1100100000000000

0000000000000001 1100100000000000
0000000000000000 1100100000000000

0000000000000010 1100100000000000
0000000000000001 1100100000000000
0000000000000000 1100100000000000

0000000000000011 1100100000000000
0000000000000010 1100100000000000
0000000000000001 1100100000000000
0000000000000000 1100100000000000

0000000000000100 1100100000000000
0000000000000011 1100100000000000
0000000000000010 1100100000000000
0000000000000001 1100100000000000
0000000000000000 1100100000000000

0000000000000000 1100100000000000

0000000000000001 1100100000000000
0000000000000000 1100100000000000

0000000000000010 1100100000000000
0000000000000001 1100100000000000
0000000000000000 1100100000000000

0000000000000011 1100100000000000
0000000000000010 1100100000000000
0000000000000001 1100100000000000
0000000000000000 1100100000000000

0000000000000100 1100100000000000
0000000000000011 1100100000000000
0000000000000010 1100100000000000
0000000000000001 1100100000000000
0000000000000000 1100100000000000

0000000000000101 0000000000000000
0000000000000100 1100100000000000
0000000000000011 1100100000000000
0000000000000010 1100100000000000
0000000000000001 1100100000000000
0000000000000000 1100100000000000

0000000000000000 1100100000000000

0000000000000001 1100100000000000
0000000000000000 1100100000000000

0000000000000010 1100100000000000
0000000000000001 1100100000000000
0000000000000000 1100100000000000

0000000000000011 1100100000000000
0000000000000010 1100100000000000
0000000000000001 1100100000000000
0000000000000000 1100100000000000

0000000000000100 1100100000000000
0000000000000011 1100100000000000
0000000000000010 1100100000000000
0000000000000001 1100100000000000
0000000000000000 1100100000000000

0000000000000101 0000000000000000
0000000000000100 1100100000000000
0000000000000011 1100100000000000
0000000000000010 1100100000000000
0000000000000001 1100100000000000
0000000000000000 1100100000000000

0000000000000110 0000000000000000
0000000000000101 0000000000000000
0000000000000100 1100100000000000
0000000000000011 1100100000000000
0000000000000010 1100100000000000
0000000000000001 1100100000000000
0000000000000000 1100100000000000

0000000000000000 1100100000000000

0000000000000001 1100100000000000
0000000000000000 1100100000000000

0000000000000010 1100100000000000
0000000000000001 1100100000000000
0000000000000000 1100100000000000

0000000000000011 1100100000000000
0000000000000010 1100100000000000
0000000000000001 1100100000000000
0000000000000000 1100100000000000

0000000000000100 1100100000000000
0000000000000011 1100100000000000
0000000000000010 1100100000000000
0000000000000001 1100100000000000
0000000000000000 1100100000000000

0000000000000101 0000000000000000
0000000000000100 1100100000000000
0000000000000011 1100100000000000
0000000000000010 1100100000000000
0000000000000001 1100100000000000
0000000000000000 1100100000000000

0000000000000110 0000000000000000
0000000000000101 0000000000000000
0000000000000100 1100100000000000
0000000000000011 1100100000000000
0000000000000010 1100100000000000
0000000000000001 1100100000000000
0000000000000000 1100100000000000

0000000000000111 0000000000000000
0000000000000110 0000000000000000
0000000000000101 0000000000000000
0000000000000100 1100100000000000
0000000000000011 1100100000000000
0000000000000010 1100100000000000
0000000000000001 1100100000000000
0000000000000000 1100100000000000

0000000000000000 1100100000000000

0000000000000001 1100100000000000
0000000000000000 1100100000000000

0000000000000010 1100100000000000
0000000000000001 1100100000000000
0000000000000000 1100100000000000

0000000000000011 1100100000000000
0000000000000010 1100100000000000
0000000000000001 1100100000000000
0000000000000000 1100100000000000

0000000000000100 1100100000000000
0000000000000011 1100100000000000
0000000000000010 1100100000000000
0000000000000001 1100100000000000
0000000000000000 1100100000000000

0000000000000101 0000000000000000
0000000000000100 1100100000000000
0000000000000011 1100100000000000
0000000000000010 1100100000000000
0000000000000001 1100100000000000
0000000000000000 1100100000000000

0000000000000110 0000000000000000
0000000000000101 0000000000000000
0000000000000100 1100100000000000
0000000000000011 1100100000000000
0000000000000010 1100100000000000
0000000000000001 1100100000000000
0000000000000000 1100100000000000

0000000000000111 0000000000000000
0000000000000110 0000000000000000
0000000000000101 0000000000000000
0000000000000100 1100100000000000
0000000000000011 1100100000000000
0000000000000010 1100100000000000
0000000000000001 1100100000000000
0000000000000000 1100100000000000

0000000000001000 0000000000000000
0000000000000111 0000000000000000
0000000000000110 0000000000000000
0000000000000101 0000000000000000
0000000000000100 1100100000000000
0000000000000011 1100100000000000
0000000000000010 1100100000000000
0000000000000001 1100100000000000
0000000000000000 1100100000000000

0000000000000000 1100100000000000

0000000000000001 1100100000000000
0000000000000000 1100100000000000

0000000000000010 1100100000000000
0000000000000001 1100100000000000
0000000000000000 1100100000000000

0000000000000011 1100100000000000
0000000000000010 1100100000000000
0000000000000001 1100100000000000
0000000000000000 1100100000000000

0000000000000100 1100100000000000
0000000000000011 1100100000000000
0000000000000010 1100100000000000
0000000000000001 1100100000000000
0000000000000000 1100100000000000

0000000000000101 0000000000000000
0000000000000100 1100100000000000
0000000000000011 1100100000000000
0000000000000010 1100100000000000
0000000000000001 1100100000000000
0000000000000000 1100100000000000

0000000000000110 0000000000000000
0000000000000101 0000000000000000
0000000000000100 1100100000000000
0000000000000011 1100100000000000
0000000000000010 1100100000000000
0000000000000001 1100100000000000
0000000000000000 1100100000000000

0000000000000111 0000000000000000
0000000000000110 0000000000000000
0000000000000101 0000000000000000
0000000000000100 1100100000000000
0000000000000011 1100100000000000
0000000000000010 1100100000000000
0000000000000001 1100100000000000
0000000000000000 1100100000000000

0000000000001000 0000000000000000
0000000000000111 0000000000000000
0000000000000110 0000000000000000
0000000000000101 0000000000000000
0000000000000100 1100100000000000
0000000000000011 1100100000000000
0000000000000010 1100100000000000
0000000000000001 1100100000000000
0000000000000000 1100100000000000

0000000000001001 0000000000000000
0000000000001000 0000000000000000
0000000000000111 0000000000000000
0000000000000110 0000000000000000
0000000000000101 0000000000000000
0000000000000100 1100100000000000
0000000000000011 1100100000000000
0000000000000010 1100100000000000
0000000000000001 1100100000000000
0000000000000000 1100100000000000

0000000000000000 1100100000000000

0000000000000001 1100100000000000
0000000000000000 1100100000000000

0000000000000010 1100100000000000
0000000000000001 1100100000000000
0000000000000000 1100100000000000

0000000000000011 1100100000000000
0000000000000010 1100100000000000
0000000000000001 1100100000000000
0000000000000000 1100100000000000

0000000000000100 1100100000000000
0000000000000011 1100100000000000
0000000000000010 1100100000000000
0000000000000001 1100100000000000
0000000000000000 1100100000000000

0000000000000101 0000000000000000
0000000000000100 1100100000000000
0000000000000011 1100100000000000
0000000000000010 1100100000000000
0000000000000001 1100100000000000
0000000000000000 1100100000000000

0000000000000110 0000000000000000
0000000000000101 0000000000000000
0000000000000100 1100100000000000
0000000000000011 1100100000000000
0000000000000010 1100100000000000
0000000000000001 1100100000000000
0000000000000000 1100100000000000

0000000000000111 0000000000000000
0000000000000110 0000000000000000
0000000000000101 0000000000000000
0000000000000100 1100100000000000
0000000000000011 1100100000000000
0000000000000010 1100100000000000
0000000000000001 1100100000000000
0000000000000000 1100100000000000

0000000000001000 0000000000000000
0000000000000111 0000000000000000
0000000000000110 0000000000000000
0000000000000101 0000000000000000
0000000000000100 1100100000000000
0000000000000011 1100100000000000
0000000000000010 1100100000000000
0000000000000001 1100100000000000
0000000000000000 1100100000000000

0000000000001001 0000000000000000
0000000000001000 0000000000000000
0000000000000111 0000000000000000
0000000000000110 0000000000000000
0000000000000101 0000000000000000
0000000000000100 1100100000000000
0000000000000011 1100100000000000
0000000000000010 1100100000000000
0000000000000001 1100100000000000
0000000000000000 1100100000000000

0000000000001010 0000000000000000
0000000000001001 0000000000000000
0000000000001000 0000000000000000
0000000000000111 0000000000000000
0000000000000110 0000000000000000
0000000000000101 0000000000000000
0000000000000100 1100100000000000
0000000000000011 1100100000000000
0000000000000010 1100100000000000
0000000000000001 1100100000000000
0000000000000000 1100100000000000

